5;4601;2008091300;1
4;7103;2008091300;1
4;7105;2008091300;1
1;5234;2008091300;1
3;8232;2008091300;1
4;7114;2008091300;1
3;8249;2008091300;1
5;4592;2008091300;1
4;7049;2008091300;1
3;8185;2008091300;1
4;7065;2008091300;1
4;7104;2008091300;1
3;8186;2008091300;1
4;7110;2008091300;1
3;8206;2008091300;1
5;4577;2008091300;1
4;7069;2008091300;1
5;4575;2008091300;1
1;5182;2008091300;1
4;7067;2008091300;1
1;5201;2008091300;1
1;5233;2008091300;1
5;4559;2008091300;1
1;5213;2008091300;1
4;7087;2008091300;1
4;7086;2008091300;1
4;7083;2008091300;1
4;7082;2008091300;1
3;8218;2008091300;1
3;8221;2008091300;1
5;4590;2008091300;1
5;4557;2008091300;1
4;7050;2008091300;1
5;4567;2008091300;1
3;8194;2008091300;1
4;7047;2008091300;1
4;7064;2008091300;1
5;4572;2008091300;1
4;7101;2008091300;1
6;1266;2008091300;1
3;8229;2008091300;1
3;8228;2008091300;1
3;8205;2008091300;1
3;8192;2008091300;1
5;4558;2008091300;1
5;4604;2008091300;1
1;5342;2008091300;1
1;5299;2008091300;1
4;7149;2008091300;1
4;7152;2008091300;1
3;8267;2008091300;1
1;5289;2008091300;1
1;5292;2008091300;1
1;5287;2008091300;1
5;4631;2008091300;1
5;4632;2008091300;1
5;4633;2008091300;1
3;8276;2008091300;1
1;5291;2008091300;1
4;7122;2008091300;1
3;8275;2008091300;1
1;5290;2008091300;1
1;5288;2008091300;1
1;5295;2008091300;1
3;8282;2008091300;1
3;8266;2008091300;1
3;8252;2008091300;1
1;5256;2008091300;1
4;7121;2008091300;1
1;5261;2008091300;1
1;5259;2008091300;1
4;7131;2008091300;1
1;5268;2008091300;1
4;7135;2008091300;1
3;8264;2008091300;1
4;7134;2008091300;1
3;8278;2008091300;1
1;5293;2008091300;1
5;4623;2008091300;1
3;8277;2008091300;1
3;8271;2008091300;1
4;7130;2008091300;1
3;8265;2008091300;1
5;4621;2008091300;1
3;8273;2008091300;1
5;4625;2008091300;1
1;5282;2008091300;1
3;8268;2008091300;1
3;8253;2008091300;1
3;8263;2008091300;1
3;8234;2008091300;1
1;5237;2008091300;1
4;7111;2008091300;1
4;7112;2008091300;1
5;4600;2008091300;1
5;4603;2008091300;1
1;5242;2008091300;1
3;8238;2008091300;1
1;5246;2008091300;1
5;4602;2008091300;1
3;8256;2008091300;1
4;7133;2008091300;1
5;4620;2008091300;1
3;8274;2008091300;1
1;5294;2008091300;1
5;4622;2008091300;1
3;8270;2008091300;1
4;7140;2008091300;1
3;8279;2008091300;1
3;8281;2008091300;1
4;7144;2008091300;1
3;8286;2008091300;1
3;8287;2008091300;1
5;4629;2008091300;1
4;7146;2008091300;1
5;4635;2008091300;1
5;4638;2008091300;1
5;4639;2008091300;1
5;4640;2008091300;1
5;4643;2008091300;1
3;8280;2008091300;1
1;5310;2008091300;1
5;4644;2008091300;1
4;7160;2008091300;1
5;4642;2008091300;1
4;7161;2008091300;1
3;8322;2008091300;1
4;7171;2008091300;1
3;8355;2008091300;1
4;7198;2008091300;1
1;5346;2008091300;1
1;5345;2008091300;1
5;4677;2008091300;1
3;8349;2008091300;1
5;4676;2008091300;1
3;8342;2008091300;1
1;5336;2008091300;1
1;5334;2008091300;1
5;4669;2008091300;1
3;8340;2008091300;1
1;5337;2008091300;1
4;7190;2008091300;1
1;5329;2008091300;1
4;7187;2008091300;1
4;7178;2008091300;1
4;7177;2008091300;1
1;5330;2008091300;1
3;8327;2008091300;1
3;8324;2008091300;1
3;8323;2008091300;1
3;8326;2008091300;1
3;8325;2008091300;1
3;8320;2008091300;1
4;7137;2008091300;1
4;7136;2008091300;1
1;5281;2008091300;1
3;8269;2008091300;1
4;7076;2008091300;1
1;5216;2008091300;1
1;5208;2008091300;1
1;5205;2008091300;1
4;7073;2008091300;1
1;5204;2008091300;1
5;4568;2008091300;1
1;5203;2008091300;1
1;5192;2008091300;1
4;7057;2008091300;1
3;8187;2008091300;1
4;7061;2008091300;1
4;7089;2008091300;1
4;7051;2008091300;1
3;8215;2008091300;1
4;7041;2008091300;1
1;5185;2008091300;1
1;5228;2008091300;1
4;7100;2008091300;1
3;8227;2008091300;1
5;4595;2008091300;1
1;5229;2008091300;1
4;7075;2008091300;1
3;8243;2008091300;1
3;8240;2008091300;1
3;8241;2008091300;1
1;5245;2008091300;1
3;8251;2008091300;1
3;8244;2008091300;1
4;7116;2008091300;1
4;7115;2008091300;1
1;5241;2008091300;1
5;4607;2008091300;1
5;4606;2008091300;1
1;5251;2008091300;1
1;5243;2008091300;1
1;5255;2008091300;1
5;4609;2008091300;1
1;5343;2008091300;1
5;4673;2008091300;1
5;4672;2008091300;1
3;8345;2008091300;1
5;4671;2008091300;1
1;5335;2008091300;1
3;8313;2008091300;1
4;7173;2008091300;1
4;7175;2008091300;1
1;5321;2008091300;1
1;5320;2008091300;1
3;8319;2008091300;1
3;8311;2008091300;1
1;5348;2008091300;1
1;5347;2008091300;1
3;8353;2008091300;1
4;7197;2008091300;1
4;7194;2008091300;1
3;8352;2008091300;1
5;4678;2008091300;1
3;8351;2008091300;1
3;8350;2008091300;1
3;8348;2008091300;1
3;8347;2008091300;1
1;5331;2008091300;1
5;4670;2008091300;1
5;4662;2008091300;1
3;8334;2008091300;1
3;8333;2008091300;1
5;4661;2008091300;1
4;7183;2008091300;1
4;7185;2008091300;1
4;7184;2008091300;1
1;5328;2008091300;1
3;8330;2008091300;1
4;7180;2008091300;1
1;5327;2008091300;1
3;8304;2008091300;1
3;8288;2008091300;1
4;7155;2008091300;1
4;7156;2008091300;1
3;8289;2008091300;1
3;8298;2008091300;1
3;8292;2008091300;1
4;7158;2008091300;1
3;8294;2008091300;1
5;4658;2008091300;1
4;7107;2008091300;1
1;5239;2008091300;1
1;5235;2008091300;1
5;4597;2008091300;1
1;5236;2008091300;1
3;8226;2008091300;1
6;1265;2008091300;1
4;7071;2008091300;1
4;7092;2008091300;1
4;7090;2008091300;1
4;7095;2008091300;1
4;7094;2008091300;1
4;7096;2008091300;1
3;8222;2008091300;1
4;7046;2008091300;1
4;7045;2008091300;1
4;7055;2008091300;1
4;7056;2008091300;1
1;5194;2008091300;1
3;8199;2008091300;1
5;4576;2008091300;1
4;7077;2008091300;1
3;8210;2008091300;1
1;5217;2008091300;1
4;7081;2008091300;1
5;4581;2008091300;1
1;5226;2008091300;1
5;4582;2008091300;1
1;5232;2008091300;1
4;7109;2008091300;1
1;5238;2008091300;1
4;4596;2008091300;1
5;4599;2008091300;1
3;8246;2008091300;1
3;8242;2008091300;1
1;5248;2008091300;1
1;5249;2008091300;1
3;8239;2008091300;1
1;5250;2008091300;1
1;5257;2008091300;1
3;8203;2008091300;1
3;8211;2008091300;1
4;7079;2008091300;1
4;7070;2008091300;1
4;7118;2008091300;1
1;5247;2008091300;1
4;7119;2008091300;1
4;7119;2008091300;1
4;7182;2008091300;1
3;8336;2008091300;1
4;7120;2008091300;1
4;7139;2008091300;1
5;4594;2008091300;1
4;7174;2008091300;1
5;4650;2008091300;1
4;7170;2008091300;1
3;8317;2008091300;1
1;5309;2008091300;1
4;7163;2008091300;1
3;8293;2008091300;1
3;8299;2008091300;1
3;8314;2008091300;1
4;7169;2008091300;1
3;8301;2008091300;1
4;7164;2008091300;1
1;5312;2008091300;1
1;5199;2008091300;1
3;8196;2008091300;1
3;8231;2008091300;1
3;8230;2008091300;1
4;7102;2008091300;1
1;5230;2008091300;1
3;8220;2008091300;1
4;7106;2008091300;1
5;4564;2008091300;1
1;5195;2008091300;1
3;8193;2008091300;1
1;5223;2008091300;1
1;5224;2008091300;1
3;8219;2008091300;1
3;8224;2008091300;1
4;7093;2008091300;1
1;5227;2008091300;1
3;8217;2008091300;1
4;7098;2008091300;1
1;5225;2008091300;1
4;7097;2008091300;1
3;8223;2008091300;1
3;8180;2008091300;1
1;5178;2008091300;1
4;7048;2008091300;1
3;8190;2008091300;1
5;4569;2008091300;1
4;7058;2008091300;1
1;5188;2008091300;1
4;7059;2008091300;1
1;5193;2008091300;1
4;7060;2008091300;1
3;8198;2008091300;1
5;4570;2008091300;1
5;4571;2008091300;1
1;5207;2008091300;1
4;7068;2008091300;1
4;7072;2008091300;1
5;4578;2008091300;1
1;5209;2008091300;1
3;8316;2008091300;1
3;8315;2008091300;1
5;4655;2008091300;1
1;5314;2008091300;1
4;7166;2008091300;1
3;8307;2008091300;1
3;8305;2008091300;1
5;4652;2008091300;1
4;7167;2008091300;1
5;4647;2008091300;1
3;8290;2008091300;1
4;7162;2008091300;1
5;4636;2008091300;1
5;4634;2008091300;1
1;5296;2008091300;1
4;7148;2008091300;1
4;7147;2008091300;1
5;4630;2008091300;1
1;5298;2008091300;1
4;7153;2008091300;1
4;7141;2008091300;1
4;7145;2008091300;1
3;8341;2008091300;1
4;7193;2008091300;1
3;8343;2008091300;1
3;8329;2008091300;1
4;7179;2008091300;1
1;5279;2008091300;1
1;5280;2008091300;1
1;5265;2008091300;1
1;5274;2008091300;1
1;5276;2008091300;1
1;5278;2008091300;1
1;5273;2008091300;1
3;8260;2008091300;1
5;4617;2008091300;1
1;5266;2008091300;1
5;4612;2008091300;1
4;7123;2008091300;1
1;5271;2008091300;1
4;7127;2008091300;1
1;5262;2008091300;1
1;5277;2008091300;1
1;5269;2008091300;1
5;4618;2008091300;1
1;5301;2008091300;1
1;5305;2008091300;1
5;4593;2008091300;1
5;4563;2008091300;1
3;8201;2008091300;1
3;8284;2008091300;1
4;7143;2008091300;1
5;4608;2008091300;1
1;5253;2008091300;1
1;5252;2008091300;1
3;8247;2008091300;1
4;7088;2008091300;1
3;8332;2008091300;1
1;5344;2008091300;1
5;4675;2008091300;1
4;7186;2008091300;1
5;4663;2008091300;1
1;5311;2008091300;1
1;5308;2008091300;1
5;4651;2008091300;1
3;8295;2008091300;1
3;8303;2008091300;1
3;8297;2008091300;1
5;4637;2008091300;1
1;5303;2008091300;1
1;5304;2008091300;1
4;7165;2008091300;1
4;7172;2008091300;1
5;4674;2008091300;1
1;5341;2008091300;1
3;8346;2008091300;1
1;5339;2008091300;1
1;5338;2008091300;1
3;8344;2008091300;1
3;8339;2008091300;1
3;8338;2008091300;1
5;4667;2008091300;1
5;4668;2008091300;1
3;8337;2008091300;1
1;5333;2008091300;1
5;4664;2008091300;1
5;4660;2008091300;1
1;5326;2008091300;1
3;8328;2008091300;1
1;5324;2008091300;1
1;5323;2008091300;1
3;8321;2008091300;1
1;5325;2008091300;1
5;4657;2008091300;1
4;7188;2008091300;1
4;7189;2008091300;1
4;7176;2008091300;1
3;8250;2008091300;1
5;4616;2008091300;1
5;4615;2008091300;1
1;5210;2008091300;1
3;8204;2008091300;1
1;5212;2008091300;1
3;8208;2008091300;1
1;5211;2008091300;1
3;8209;2008091300;1
1;5231;2008091300;1
3;8212;2008091300;1
1;5214;2008091300;1
1;5215;2008091300;1
3;8202;2008091300;1
4;7066;2008091300;1
4;7113;2008091300;1
1;5244;2008091300;1
5;4645;2008091300;1
5;4648;2008091300;1
1;5307;2008091300;1
1;5306;2008091300;1
4;7159;2008091300;1
3;8296;2008091300;1
3;8302;2008091300;1
3;8306;2008091300;1
5;4653;2008091300;1
3;8300;2008091300;1
3;8308;2008091300;1
5;4654;2008091300;1
3;8309;2008091300;1
1;5316;2008091300;1
1;5318;2008091300;1
1;5319;2008091300;1
3;8318;2008091300;1
1;5315;2008091300;1
1;5317;2008091300;1
5;4646;2008091300;1
5;4613;2008091300;1
1;5267;2008091300;1
3;8233;2008091300;1
3;8235;2008091300;1
1;5263;2008091300;1
1;5264;2008091300;1
5;4614;2008091300;1
5;4610;2008091300;1
5;4611;2008091300;1
3;8258;2008091300;1
5;4619;2008091300;1
3;8272;2008091300;1
4;7128;2008091300;1
4;7129;2008091300;1
3;8262;2008091300;1
1;5275;2008091300;1
4;7132;2008091300;1
3;8259;2008091300;1
3;8257;2008091300;1
